1096977
1100295
1098650
1100211
1098724
1098402
1098695
1098699
1099482
1100141
60051026
1098962
1937219
1098974
1098382
1099052
1099304
1096983
1099155
1099540
1029812
1099350
1098439
1100320
1190425
1097896
1098239
100046610
100003566
17562
17562
1097897
1100328
1099518
1097284
1096768
1097901
1097761
1097499
1097488
1097536
1097328
1098318
100037650
1098081
100015509
100015509
1097618
1098495
100032221
1097670
1098141
1938540
60037435
100027522
1098416
100019146
1100332
1100221
100041540
1098249
1097090
1097983
1097364
1096987
100053246
100049500
1097177
1098272
1097972
1102402
100050221
100050221
1097995
1097393
1100184
1097971
1097976
1097726
60022631
1096812
100013732
1100106
1097826
1097826
1099554
1097332
1097952
1097420
1097790
1098680
1097639
1097492
1097437
100013323
1099498
1098256
60094587
1097096
1098433
1097910
1097615
100013339
11159
1098019
100005860
1099563
100024650
160024650
1097603
1098359
1097552
1098121
100028507
60039523
1097811
1097740
1097767
1098284
1098102
1098530
1098486
1098486
100019294
100048339
1097495
1098259
1097872
1030262
1097638
100048908
1097917
1097444
1097152
60090625
1041
104976
1097868
1098227
100046896
1098178
60384761
1098123
100045797
1097778
1098131
1097918
1096811
1097984
1097531
1097801
1097075
1097465
1098333
1098167
100026412
1100252
1100252
1097636
1099573
1099573
1097372
1938596
1097992
1097992
1100209
1098415
1098168
1097693
1098084
1098108
1097403
1099552
1098125
1096815
1938666
1098138
100050650
1097460
4142
1097445
1099981
1099981
1097802