1098038

1097696


17562

1098207

1097716

1098110

1097807
1097667

1937224


1100083

1097418

1098149

2012630
1097447


24283

1097825

1097670

1099580
1098307

1096763

1097288

1098192
1098310

1097496
100053246

1097972

1097525

60372269

1097726


1097436



1097365

1097742



1099554

1097492

100013323




1098602
1097322

1098019





1097453

1097593


1052824

1097603

100047347

1097372




1097848

1097582

1096770

1096983

1098103

1097347

1097864

1098006

1096807

1097782


1098486

1097227

1097184

1098429

1098203

1097495



1096748


100022361





1098097


1097778









1097673

1096811

1097984

1098224


1097465

1098213

1098333

1099900

1097589

1096761


1097467



100042218


1098125

100050650

1096955


1097327



1099981




1097057

1097710

1100220

1097213

